Model: EfficientNet-B0
Test Accuracy: 0.8976
Parameters: 324,106

              precision    recall  f1-score   support

           0       0.58      1.00      0.74       980
           1       0.84      1.00      0.91      1135
           2       1.00      0.82      0.90      1032
           3       1.00      0.93      0.97      1010
           4       0.99      0.86      0.92       982
           5       0.99      0.93      0.96       892
           6       0.99      0.84      0.91       958
           7       0.98      0.92      0.95      1028
           8       0.92      0.83      0.87       974
           9       1.00      0.84      0.91      1009

    accuracy                           0.90     10000
   macro avg       0.93      0.90      0.90     10000
weighted avg       0.93      0.90      0.90     10000
