Model: MobileNet
Test Accuracy: 0.9399
Parameters: 140,618

              precision    recall  f1-score   support

           0       0.99      0.94      0.96       980
           1       0.91      1.00      0.95      1135
           2       0.89      0.98      0.93      1032
           3       1.00      0.87      0.93      1010
           4       0.91      0.99      0.95       982
           5       0.99      0.95      0.97       892
           6       0.87      0.98      0.92       958
           7       0.96      0.96      0.96      1028
           8       1.00      0.77      0.87       974
           9       0.94      0.94      0.94      1009

    accuracy                           0.94     10000
   macro avg       0.95      0.94      0.94     10000
weighted avg       0.94      0.94      0.94     10000
