Model: SqueezeNet
Test Accuracy: 0.9445
Parameters: 19,050

              precision    recall  f1-score   support

           0       0.95      0.95      0.95       980
           1       0.99      0.98      0.98      1135
           2       0.94      0.94      0.94      1032
           3       0.94      0.94      0.94      1010
           4       0.96      0.96      0.96       982
           5       0.96      0.89      0.92       892
           6       0.92      0.97      0.95       958
           7       0.96      0.96      0.96      1028
           8       0.90      0.91      0.90       974
           9       0.92      0.93      0.93      1009

    accuracy                           0.94     10000
   macro avg       0.94      0.94      0.94     10000
weighted avg       0.94      0.94      0.94     10000
